8
rleg	0 0 0			0.5 0.33 1 		
lleg	0.5 0 0			0.5 0.33 1 		
rarm	0 0.33 0		0.17 0.42 1 	
torso	0.17 0.33 0		0.66 0.42 1 	
larm	0.83 0.33 0		0.17 0.42 1 	
rshdr	0 0.75 0		0.28 0.25 1 	
head	0.28 0.75 0		0.44 0.25 1 		
lshdr	0.72 0.75 0		0.28 0.25 1 	
rleg	0.5 1 0.5		0.5 0 0.5 		-0.4 -0.7 0		0 0 0
lleg	0.5 1 0.5		0.5 0 0.5 		0.4 -0.7 0		0 0 0
rarm	0.5 1 0.5		0.5 0 0.5 		-0.4 0 0		0 -20 -20
torso	0.5 0 0.5		0.5 1 0.5 		0 0 0			0 0 0
larm	0.5 1 0.5		0.5 0 0.5 		0.4 0 0			0 -20 20
rshdr	0.5 0 0.5		0.5 1 0.5 		-0.2 0.83 0		0 0 90
head	0.5 0 0.5		0.5 1 0.5 		0 0.3 0			0 0 0
lshdr	0.5 0 0.5		0.5 1 0.5 		0.2 0.83 0		0 0 -90
torso 0		lleg 0
torso 0		rleg 0
torso 1 	larm 0
torso 1 	rarm 0
torso 1 	lshdr 0
torso 1 	rshdr 0
torso 1 	head 0
